
oy[14] = 8
9,0,0,0,0,0,0,0,0,0,0,0,0,0,0,

oy[13] = 7.5
8.5,3.51389,0,0,0,0,0,0,0,0,0,0,0,0,0,

oy[12] = 7
8,4.18403,0,0,0,0,0,0,0,0,0,0,0,0,0,

oy[11] = 6.5
7.5,4.14323,0,0,0,0,0,0,0,0,0,0,0,0,0,

oy[10] = 6
7,3.9247,0,0,0,0,0,0,0,0,0,0,0,0,0,

oy[9] = 5.5
6.5,3.66174,0,0,0,0,0,0,0,0,0,0,0,0,0,

oy[8] = 5
6,3.38771,0,0,0,0,0,0,0,0,0,0,0,0,0,

oy[7] = 4.5
5.5,3.11103,0,0,0,0,0,0,0,0,0,0,0,0,0,

oy[6] = 4
5,2.83415,0,0,0,0,0,0,0,0,0,0,0,0,0,

oy[5] = 3.5
4.5,2.55912,0,0,0,0,0,0,0,0,0,0,0,0,0,

oy[4] = 3
4,2.29212,0,0,0,0,0,0,0,0,0,0,0,0,0,

oy[3] = 2.5
3.5,2.05741,0,0,0,0,0,0,0,0,0,0,0,0,0,

oy[2] = 2
3,1.95185,0,4.5,5,5.5,6,6.5,7,7.5,8,8.5,9,9.5,10,

oy[1] = 1.5
2.5,2.36296,2.34074,3.71019,4.42755,4.98189,5.49547,5.99887,6.49972,6.99993,7.49998,8,8.5,9,9.5,

oy[0] = 1
2,2.5,3,3.5,4,4.5,5,5.5,6,6.5,7,7.5,8,8.5,9,
;
ox[0] = 1
ox[1] = 1.5
ox[2] = 2
ox[3] = 2.5
ox[4] = 3
ox[5] = 3.5
ox[6] = 4
ox[7] = 4.5
ox[8] = 5
ox[9] = 5.5
ox[10] = 6
ox[11] = 6.5
ox[12] = 7
ox[13] = 7.5
ox[14] = 8

