
oy[14] = 8
9,5.7963,10,0,0,0,0,0,0,0,0,0,0,0,0,

oy[13] = 7.5
8.5,5.2963,9.5,0,0,0,0,0,0,0,0,0,0,0,0,

oy[12] = 7
8,4.96296,9,0,0,0,0,0,0,0,0,0,0,0,0,

oy[11] = 6.5
7.5,4.6713,8.5,0,0,0,0,0,0,0,0,0,0,0,0,

oy[10] = 6
7,4.39004,8,0,0,0,0,0,0,0,0,0,0,0,0,

oy[9] = 5.5
6.5,4.11139,7.5,0,0,0,0,0,0,0,0,0,0,0,0,

oy[8] = 5
6,3.83336,7,0,0,0,0,0,0,0,0,0,0,0,0,

oy[7] = 4.5
5.5,3.55538,6.5,0,0,0,0,0,0,0,0,0,0,0,0,

oy[6] = 4
5,3.27702,6,0,0,0,0,0,0,0,0,0,0,0,0,

oy[5] = 3.5
4.5,2.99693,5.5,0,0,0,0,0,0,0,0,0,0,0,0,

oy[4] = 3
4,2.70995,5,0,0,0,0,0,0,0,0,0,0,0,0,

oy[3] = 2.5
3.5,2.39537,4.5,0,0,0,0,0,0,0,0,0,0,0,0,

oy[2] = 2
3,1.97037,4,4.5,5,5.5,6,6.5,7,7.5,8,8.5,9,9.5,10,

oy[1] = 1.5
2.5,1.1037,1.97037,2.39537,2.70995,2.99693,3.27702,3.55538,3.83336,4.11139,4.39004,4.6713,4.96296,5.2963,5.7963,

oy[0] = 1
2,2.5,3,3.5,4,4.5,5,5.5,6,6.5,7,7.5,8,8.5,9,
;
ox[0] = 1
ox[1] = 1.5
ox[2] = 2
ox[3] = 2.5
ox[4] = 3
ox[5] = 3.5
ox[6] = 4
ox[7] = 4.5
ox[8] = 5
ox[9] = 5.5
ox[10] = 6
ox[11] = 6.5
ox[12] = 7
ox[13] = 7.5
ox[14] = 8

