
oy[14] = 8
13,11.9074,3,0,0,0,0,0,0,0,0,0,0,0,0,

oy[13] = 7.5
8.5,7.15741,2,0,0,0,0,0,0,0,0,0,0,0,0,

oy[12] = 7
8,5.76157,2,0,0,0,0,0,0,0,0,0,0,0,0,

oy[11] = 6.5
7.5,5.20428,2,0,0,0,0,0,0,0,0,0,0,0,0,

oy[10] = 6
7,4.85663,2,0,0,0,0,0,0,0,0,0,0,0,0,

oy[9] = 5.5
6.5,4.56138,2,0,0,0,0,0,0,0,0,0,0,0,0,

oy[8] = 5
6,4.27925,2,0,0,0,0,0,0,0,0,0,0,0,0,

oy[7] = 4.5
5.5,4.00045,2,0,0,0,0,0,0,0,0,0,0,0,0,

oy[6] = 4
5,3.72265,2,0,0,0,0,0,0,0,0,0,0,0,0,

oy[5] = 3.5
4.5,3.4458,2,0,0,0,0,0,0,0,0,0,0,0,0,

oy[4] = 3
4,3.172,2,0,0,0,0,0,0,0,0,0,0,0,0,

oy[3] = 2.5
3.5,2.91019,2,0,0,0,0,0,0,0,0,0,0,0,0,

oy[2] = 2
3,2.6963,2,4.5,5,5.5,6,6.5,7,7.5,8,8.5,9,9.5,14.5,

oy[1] = 1.5
2.5,2.67407,2.91852,3.85463,4.46366,4.99094,5.49782,5.99978,6.50124,7.0055,7.52213,8.08854,8.85417,10.4167,15.1667,

oy[0] = 1
2,2.5,3,3.5,4,4.5,5,5.5,6,6.5,7,7.5,8,8.5,13,
;
ox[0] = 1
ox[1] = 1.5
ox[2] = 2
ox[3] = 2.5
ox[4] = 3
ox[5] = 3.5
ox[6] = 4
ox[7] = 4.5
ox[8] = 5
ox[9] = 5.5
ox[10] = 6
ox[11] = 6.5
ox[12] = 7
ox[13] = 7.5
ox[14] = 8

