
oy[14] = 8
0,0,0,0,0,0,0,0,0,0,0,0,0,0,0,

oy[13] = 7.5
8.5,6.625,9.5,0,0,0,0,0,0,0,0,0,0,0,0,

oy[12] = 7
8,7.90625,9,0,0,0,0,0,0,0,0,0,0,0,0,

oy[11] = 6.5
7.5,7.85156,8.5,0,0,0,0,0,0,0,0,0,0,0,0,

oy[10] = 6
7,7.46289,8,0,0,0,0,0,0,0,0,0,0,0,0,

oy[9] = 5.5
6.5,6.99072,7.5,0,0,0,0,0,0,0,0,0,0,0,0,

oy[8] = 5
6,6.49768,7,0,0,0,0,0,0,0,0,0,0,0,0,

oy[7] = 4.5
5.5,5.99942,6.5,0,0,0,0,0,0,0,0,0,0,0,0,

oy[6] = 4
5,5.49986,6,0,0,0,0,0,0,0,0,0,0,0,0,

oy[5] = 3.5
4.5,4.99996,5.5,0,0,0,0,0,0,0,0,0,0,0,0,

oy[4] = 3
4,4.49999,5,0,0,0,0,0,0,0,0,0,0,0,0,

oy[3] = 2.5
3.5,4,4.5,0,0,0,0,0,0,0,0,0,0,0,0,

oy[2] = 2
3,3.5,4,4.5,5,5.5,6,6.5,7,7.5,8,8.5,9,9.5,10,

oy[1] = 1.5
2.5,3,3.5,4,4.5,5,5.5,6,6.5,7,7.5,8,8.5,9,9.5,

oy[0] = 1
2,2.5,3,3.5,4,4.5,5,5.5,6,6.5,7,7.5,8,8.5,9,
;
ox[0] = 1
ox[1] = 1.5
ox[2] = 2
ox[3] = 2.5
ox[4] = 3
ox[5] = 3.5
ox[6] = 4
ox[7] = 4.5
ox[8] = 5
ox[9] = 5.5
ox[10] = 6
ox[11] = 6.5
ox[12] = 7
ox[13] = 7.5
ox[14] = 8

